11100000010011110000000000001111
11100010100000000001000000000000
11100010100000000010000000000010
11100010100000000011000000001011
11100001100000000100000000000010
11100000000000000010000000000010
11100000010100110101000000000100
10111010000000000000000000000011
11100000010100110011000000000100
11100010100000010001000000000001
00001010000000000000000000000001
11101010111111111111111111111001
11100010100000000000000001100100
11100101100001000001000010110010
11100101100100000110000001010000
11100000010101000101000000000001
10110000100001000100000000000100